270.802969
274.704417
275.862824
274.903202
275.614757
275.757898
276.919719
223.000324
275.539586
274.020775
273.527512
274.214574
274.528809
274.982806
276.169890
273.075199
273.914481
276.500470
275.326368
275.455344
274.894613
276.494536
276.010339
277.116022
275.598872
275.588563
276.275226
276.919356
276.265723
276.675239
277.809753
279.025421
279.236469
278.761441
279.240703
273.591114
270.154978
270.809472
271.769399
271.534175
270.359812
271.093620
272.276073
274.102319
269.918933
269.693324
270.147016
269.807589
270.641779
269.738491
270.157994
273.343877
275.755244
269.724702
270.090930
269.915347
269.957374
269.899265
270.461490
273.778443
280.749119
283.145898
224.277741
275.131516
275.326699
274.972230
274.916851
274.449075
274.882199
276.695062
274.085094
273.498031
275.228942
275.623633
275.486139
215.400869
276.085537
275.391929
275.416535
275.065088
275.375356
275.406147
275.339834
275.243861
251.979842
275.102270
275.725740
280.186016
279.702267
274.490571
273.848372
274.146878
274.404577
273.748998
274.280004
273.863673
273.998214
273.730428
274.173692
274.499924
