0.624039
0.441278
0.452233
0.465414
0.442220
0.440993
0.459282
0.447994
0.443141
0.442815
0.441659
0.440030
0.442001
0.443971
0.442665
0.441172
0.444669
0.440846
0.442648
0.440788
0.441876
0.440032
0.457912
0.442643
0.441674
0.440512
0.477095
0.441367
0.442579
0.453704
0.464595
0.442038
0.446704
0.456010
0.440383
0.440683
0.441214
0.443784
0.442285
0.450463
0.464089
0.443610
0.440040
0.454011
0.443317
0.439732
0.441252
0.441842
0.447898
0.448238
0.445357
0.441027
0.441190
0.463716
0.449886
0.446560
0.493837
0.441962
0.446196
0.444753
0.467108
0.440732
0.444677
0.449196
0.452950
0.441143
0.452938
0.469066
0.443933
0.446107
0.458910
0.446348
0.445407
0.445098
0.441177
0.442738
0.444819
0.444981
0.445986
0.441720
0.467993
0.446965
0.440097
0.460965
0.456916
0.441733
0.441223
0.475599
0.453814
0.451257
0.445441
0.446371
0.441004
0.443215
0.468066
0.449198
0.441556
0.458460
0.449126
0.443363
